0 0.047843 0.565265 0.087942 0.108407
0 0.060841 0.659292 0.121681 0.101770
0 0.034292 0.794248 0.068584 0.097345
0 0.221239 0.880531 0.278761 0.168142
0 0.448562 0.935841 0.298673 0.123894
0 0.798673 0.878319 0.315265 0.243362
0 0.727323 0.589602 0.146018 0.139381
0 0.742257 0.460177 0.152655 0.128319
0 0.304204 0.494469 0.308628 0.161504
0 0.540653 0.575221 0.224004 0.234513
0 0.563883 0.432522 0.167588 0.130531
0 0.493363 0.351770 0.109513 0.137168
0 0.577157 0.303097 0.147677 0.110619
0 0.690819 0.196903 0.457965 0.194690