0 0.264012 0.849940 0.141593 0.171971
0 0.472714 0.931969 0.222714 0.136062
0 0.598083 0.833943 0.137168 0.163972
0 0.838496 0.907973 0.305310 0.184054
0 0.747788 0.767954 0.064897 0.103982
0 0.742625 0.677970 0.075221 0.123979
0 0.679204 0.627978 0.069322 0.111981
0 0.633481 0.625979 0.036873 0.075987
0 0.547935 0.697966 0.131268 0.099983
0 0.354720 0.727961 0.069322 0.079986
0 0.394543 0.593984 0.081121 0.091984
0 0.266224 0.492001 0.066372 0.151974
0 0.108407 0.655973 0.110619 0.095984
0 0.048673 0.847941 0.085546 0.271954
0 0.354370 0.512589 0.093930 0.056832
0 0.353206 0.467334 0.029499 0.058937
0 0.359804 0.385242 0.041143 0.033678
0 0.436268 0.384190 0.031051 0.044203
0 0.484397 0.381033 0.079180 0.122084
0 0.434715 0.467334 0.038814 0.058937
0 0.485949 0.494697 0.086943 0.058937
0 0.589194 0.533638 0.079180 0.056832
0 0.629561 0.572579 0.043472 0.071567
0 0.648191 0.512589 0.037261 0.077881