0 0.252950 0.303097 0.107670 0.137168
0 0.280236 0.507743 0.123894 0.095133
0 0.474189 0.601770 0.169617 0.154867
0 0.564897 0.772124 0.159292 0.132743
0 0.687316 0.944690 0.150442 0.110619
0 0.740413 0.651549 0.297935 0.174779
0 0.749263 0.542035 0.501474 0.163717
0 0.539086 0.435841 0.081121 0.066372
0 0.665929 0.397124 0.110619 0.055310
0 0.737463 0.428097 0.100295 0.050885
0 0.651180 0.336283 0.060472 0.066372
0 0.584808 0.353982 0.057522 0.048673
0 0.488938 0.334071 0.092920 0.066372
0 0.398230 0.380531 0.100295 0.057522
0 0.362094 0.329646 0.078171 0.048673