0 0.397493 0.650814 0.181416 0.175731
0 0.488201 0.556391 0.097345 0.139011
0 0.369469 0.461969 0.078171 0.081308
0 0.084808 0.458034 0.157817 0.104914
0 0.628319 0.376726 0.058997 0.099668
0 0.674779 0.296729 0.101770 0.091800
0 0.786873 0.443609 0.134218 0.097045
0 0.623894 0.514426 0.088496 0.102291
0 0.795723 0.544588 0.199115 0.110160
0 0.676991 0.669174 0.200590 0.123274
0 0.705752 0.863264 0.205015 0.222942
0 0.534661 0.312466 0.054572 0.049834
0 0.572271 0.244272 0.085546 0.065571
0 0.412979 0.287549 0.050147 0.036720